<?xml version="1.0" standalone="no"?>
<!DOCTYPE svg PUBLIC "-//W3C//DTD SVG 20010904//EN"
 "http://www.w3.org/TR/2001/REC-SVG-20010904/DTD/svg10.dtd">
<svg version="1.0" xmlns="http://www.w3.org/2000/svg"
 width="44.000000pt" height="51.000000pt" viewBox="0 0 44.000000 51.000000"
 preserveAspectRatio="xMidYMid meet">

<g transform="translate(0.000000,51.000000) scale(0.100000,-0.100000)"
fill="#000000" stroke="none">
<path d="M307 480 c3 -20 10 -25 33 -25 15 0 26 3 23 8 -2 4 -11 7 -20 7 -9 0
-21 8 -28 17 -12 16 -13 15 -8 -7z"/>
<path d="M250 450 c0 -5 5 -10 10 -10 6 0 10 5 10 10 0 6 -4 10 -10 10 -5 0
-10 -4 -10 -10z"/>
<path d="M170 443 c0 -5 14 -24 31 -43 21 -25 27 -28 18 -11 -11 23 -10 24 19
18 24 -5 30 -3 26 8 -3 7 -12 11 -20 8 -8 -3 -25 2 -39 11 -27 18 -35 20 -35
9z"/>
<path d="M362 414 c-7 -8 -8 -14 -3 -14 10 0 25 19 20 25 -2 1 -10 -3 -17 -11z"/>
<path d="M288 413 c7 -3 16 -2 19 1 4 3 -2 6 -13 5 -11 0 -14 -3 -6 -6z"/>
<path d="M337 379 c4 -13 8 -18 11 -10 2 7 -1 18 -6 23 -8 8 -9 4 -5 -13z"/>
<path d="M264 378 c1 -7 12 -14 24 -14 12 -1 19 3 16 8 -3 5 -12 7 -19 4 -8
-3 -16 -1 -19 5 -2 5 -3 4 -2 -3z"/>
<path d="M100 320 c-39 -39 -18 -90 36 -90 28 0 36 5 45 28 20 50 26 57 55 63
23 5 25 7 12 13 -25 11 -58 -11 -65 -44 -7 -36 -25 -53 -54 -48 -57 8 -48 69
12 78 27 4 30 7 16 13 -28 11 -35 9 -57 -13z"/>
<path d="M309 326 c-13 -6 -26 -22 -27 -36 -5 -35 -20 -50 -51 -51 -14 0 -20
-3 -13 -6 27 -11 62 7 68 35 9 37 23 52 48 52 44 0 59 -39 29 -72 -9 -10 -11
-18 -5 -18 6 0 16 9 22 21 27 49 -22 100 -71 75z"/>
<path d="M316 228 c15 -26 15 -30 -1 -54 -13 -21 -22 -25 -43 -20 -20 5 -23 4
-12 -4 22 -15 38 -12 60 10 25 25 25 42 -1 71 l-20 24 17 -27z"/>
<path d="M131 193 c-1 -19 36 -53 57 -53 24 0 56 35 49 52 -4 9 -6 8 -6 -3 -2
-44 -68 -49 -89 -7 -6 13 -11 17 -11 11z"/>
<path d="M181 109 c-1 -22 31 -49 57 -49 21 0 60 45 49 56 -3 3 -8 -4 -12 -15
-7 -22 -46 -38 -65 -26 -6 4 -15 17 -20 29 -6 14 -9 16 -9 5z"/>
</g>
</svg>
